1 1 0 0 0 6.5 0 1 0 0 -9 -6 -4 0 0 0 0 0 0 0 0 0 0 0 0 0 0 0 0 0 0 1.2 0 0 0 0 1 -0.2 0 0 0 0 0 2.2 0 0 0 0 0.9 1.5 0 0 0 45 0 -0.4 0 0 0 0 0 0 0 0 0 0 -0.9 1.5 0 0 0 -45 0 -0.4 0 0 0 0 0 0 0 0 0 0 0.5 0 0 0 0 0 0 -0.4 0 0 0 0 0 0 0 0 0 0 -0.5 0 0 0 0 0 0 -0.4 0 0 0 0 0 0 0 0 0 0 
1 1 0 0 0 10.4 0 1 0 0 -9 -6 -4 0 0 0 0 0 0 0 0 0 0 0 0 0 0 0 0 0 0 1.2 0 0 0 0 1 -0.2 0 0 0 0 0 2.2 0 0 0 0 0.9 1.5 0 0 0 45 0 -0.4 0 0 0 0 0 0 0 0 0 0 -0.9 1.5 0 0 0 -45 0 -0.4 0 0 0 0 0 0 0 0 0 0 0.5 0 0 0 0 0 0 -0.4 0 0 0 0 0 0 0 0 0 0 -0.5 0 0 0 0 0 0 -0.4 0 0 0 0 0 0 0 0 0 0 
1 1 0 0 0 5 0 1 0 0 -9 -6 -4 0 0 0 0 0 0 0 0 0 0 0 0 0 0 0 0 0 0 1.2 0 0 0 0 1 -0.2 0 0 0 0 0 2.2 0 0 0 0 0.9 1.5 0 0 0 45 0 -0.4 0 0 0 0 0 0 0 0 0 0 -0.9 1.5 0 0 0 -45 0 -0.4 0 0 0 0 0 0 0 0 0 0 0.5 0 0 0 0 0 0 -0.4 0 0 0 0 0 0 0 0 0 0 -0.5 0 0 0 0 0 0 -0.4 0 0 0 0 0 0 0 0 0 0 
1 1 1 0 0 5 0 1 0 0 -9 -6 -4 0 0 0 0 0 0 0 0 0 9 0 0 0 0 33 76 -9 0 1.2 0 0 0 0 1 -0.2 0 0 0 0 0 2.2 0 0 0 0 0.9 1.5 0 0 0 45 0 -0.4 0 0 0 0 0 0 0 0 0 0 -0.9 1.5 0 0 0 -45 0 -0.4 0 0 0 0 0 0 0 0 0 0 0.5 0 0 0 0 0 0 -0.4 0 0 0 0 0 0 0 0 0 0 -0.5 0 0 0 0 0 0 -0.4 0 0 0 0 0 0 0 0 0 0 
1 1 1 0 0 5 0 1 0 0 -9 -6 -4 0 0 0 0 0 0 0 0 0 9 0 0 0 0 33 76 -9 0 1.2 0 0 0 0 1 -0.2 0 0 0 0 0 2.2 0 0 0 0 0.9 1.5 0 -3 -12 45 0 -0.4 0 0 0 0 0 0 0 0 0 0 -0.9 1.5 0 -163 -33 -45 0 -0.4 0 0 0 0 0 0 0 0 0 0 0.5 0 0 0 0 0 0 -0.4 0 0 0 0 0 0 0 0 0 0 -0.5 0 0 0 0 0 0 -0.4 0 0 0 0 0 0 0 0 0 0 
1 0 0 0 0 6.4 0 1 0 0 -42 0 -4 0 0 0 0 0 0 0 0 0 0 0 0 0 0 0 0 0 0 1.2 0 0 0 0 1 -0.2 0 0 0 0 0 2.2 0 0 0 0 0.9 1.5 0 0 0 45 0 -0.4 0 0 0 0 0 0 0 0 0 0 -0.9 1.5 0 0 0 -45 0 -0.4 0 0 0 0 0 0 0 0 0 0 0.5 0 0 0 0 0 0 -0.4 0 0 0 0 0 0 0 0 0 0 -0.5 0 0 0 0 0 0 -0.4 0 0 0 0 0 0 0 0 0 0 
1 1 0 0 0 6.4 0 1 0 0 -1 0 -4 0 0 0 0 0 0 0 0 0 0 0 0 0 0 0 0 0 0 1.2 0 0 0 0 1 -0.2 0 0 0 0 0 2.2 0 0 0 0 0.9 1.5 0 0 0 45 0 -0.4 0 0 0 0 0 0 0 0 0 0 -0.9 1.5 0 0 0 -45 0 -0.4 0 0 0 0 0 0 0 0 0 0 0.5 0 0 0 0 0 0 -0.4 0 0 0 0 0 0 0 0 0 0 -0.5 0 0 0 0 0 0 -0.4 0 0 0 0 0 0 0 0 0 0 
1 1 1 0 0 6.4 0 1 0 39 -22 0 -4 0 0 0 0 0 0 0 0 0 0 0 0 0 0 -18 64 18 0 1.2 0 0 0 0 1 -0.2 0 0 0 0 0 2.2 0 0 0 0 0.9 1.5 0 0 0 45 0 -0.4 0 0 0 0 0 0 0 0 0 0 -0.9 1.5 0 0 0 -45 0 -0.4 0 0 0 0 0 0 0 0 0 0 0.5 0 0 0 0 0 0 -0.4 0 0 0 0 0 0 0 0 0 0 -0.5 0 0 0 0 0 0 -0.4 0 0 0 0 0 0 0 0 0 0 
1 1 1 0 0 6.4 0 1 0 39 -22 0 -4 0 0 0 0 0 0 0 0 0 0 0 0 0 0 -18 64 18 0 1.2 0 0 0 0 1 -0.2 0 0 0 0 0 2.2 0 0 0 0 0.9 1.5 0 0 0 45 0 -0.4 0 0 0 0 0 0 0 0 0 0 -0.9 1.5 0 -36 90 -45 0 -0.4 0 0 0 0 0 0 0 0 0 0 0.5 0 0 0 0 0 0 -0.4 0 0 0 0 0 0 0 0 0 0 -0.5 0 0 0 0 0 0 -0.4 0 0 0 0 0 0 0 0 0 0 
1 1 1 0 0 6.4 0 1 0 39 -22 0 -4 0 0 0 0 0 0 0 0 0 0 0 0 0 0 -18 64 18 0 1.2 0 0 0 0 1 -0.2 0 0 -72 0 0 2.2 0 0 0 0 0.9 1.5 0 0 0 45 0 -0.4 0 0 0 0 0 0 0 0 0 0 -0.9 1.5 0 -36 90 -45 0 -0.4 0 0 0 0 0 0 0 0 0 0 0.5 0 0 0 0 0 0 -0.4 0 0 0 0 0 0 0 0 0 0 -0.5 0 0 0 0 0 0 -0.4 0 0 0 0 0 0 0 0 0 0 
1 1 1 0 0 7 0 1 0 39 -22 0 -4 0 0 0 0 0 0 0 0 0 0 0 0 0 0 -18 64 18 0 1.2 0 0 0 0 1 2.8 0 0 -72 0 0 2.2 0 0 0 0 0.9 1.5 0 0 0 45 0 -0.4 0 0 0 0 0 0 0 0 0 0 -0.9 1.5 0 -36 90 -45 0 -0.4 0 0 0 0 0 0 0 0 0 0 0.5 0 0 0 0 0 0 -0.4 0 0 0 0 0 0 0 0 0 0 -0.5 0 0 0 0 0 0 -0.4 0 0 0 0 0 0 0 0 0 0 
1 1 1 0 0 7 0 1 0 39 -22 0 -4 0 0 0 0 0 0 0 0 0 0 0 0 0 0 -18 64 18 0 1.2 0 0 0 0 -5 5.8 0 0 -72 0 0 2.2 0 0 0 0 0.9 1.5 0 0 0 45 0 -0.4 0 0 0 0 0 0 0 0 0 0 -0.9 1.5 0 -36 90 -45 0 -0.4 0 0 0 0 0 0 0 0 0 0 0.5 0 0 0 0 0 0 -0.4 0 0 0 0 0 0 0 0 0 0 -0.5 0 0 0 0 0 0 -0.4 0 0 0 0 0 0 0 0 0 0 